   0
 00000001 00000010 00000100 00001000 00010000 00100000 01000000 10000000
 00000001 00000010 00000100 00001000 00010000 00100000 01000000 10000000
   1
 00000001 00000010 00000100 00001000 00010000 00100000 01000000 10000000
 00000001 00000010 00000100 00001000 00010000 00100000 01000000 10000000
   2
 00000001 00000010 00000100 00001000 00010000 00100000 01000000 10000000
 00000001 00000010 00000100 00001000 00010000 00100000 01000000 10000000
   3
 00000001 00000010 00000100 00001000 00010000 00100000 01000000 10000000
 00000001 00000010 00000100 00001000 00010000 00100000 01000000 10000000
   4
 00000001 00000010 00000100 00001000 00010000 00100000 01000000 10000000
 00000001 00000010 00000100 00001000 00010000 00100000 01000000 10000000
   5
 00000001 00000010 00000100 00001000 00010000 00100000 01000000 10000000
 00000001 00000010 00000100 00001000 00010000 00100000 01000000 10000000
   6
 00000001 00000010 00000100 00001000 00010000 00100000 01000000 10000000
 00000001 00000010 00000100 00001000 00010000 00100000 01000000 10000000
   7
 00000001 00000010 00000100 00001000 00010000 00100000 01000000 10000000
 00000001 00000010 00000100 00001000 00010000 00100000 01000000 10000000
   8
 00000001 00000010 00000100 00001000 00010000 00100000 01000000 10000000
 00000001 00000010 00000100 00001000 00010000 00100000 01000000 10000000
   9
 00000001 00000010 00000100 00001000 00010000 00100000 01000000 10000000
 00000001 00000010 00000100 00001000 00010000 00100000 01000000 10000000
  10
 00000001 00000010 00000100 00001000 00010000 00100000 01000000 10000000
 00000001 00000010 00000100 00001000 00010000 00100000 01000000 10000000
  11
 00000001 00000010 00000100 00001000 00010000 00100000 01000000 10000000
 00000001 00000010 00000100 00001000 00010000 00100000 01000000 10000000
  12
 00000001 00000010 00000100 00001000 00010000 00100000 01000000 10000000
 00000001 00000010 00000100 00001000 00010000 00100000 01000000 10000000
  13
 00000001 00000010 00000100 00001000 00010000 00100000 01000000 10000000
 00000001 00000010 00000100 00001000 00010000 00100000 01000000 10000000
  14
 00000001 00000010 00000100 00001000 00010000 00100000 01000000 10000000
 00000001 00000010 00000100 00001000 00010000 00100000 01000000 10000000
  15
 00000001 00000010 00000100 00001000 00010000 00100000 01000000 10000000
 00000001 00000010 00000100 00001000 00010000 00100000 01000000 10000000