   0
 01000010 01000011 01000110 01000111 01000000 00010000 01000001 01010010
 01010011 01010000 01010110 01010111 01000000 00010000 01000001 01010010
   1
 01000010 01000011 01000110 01000111 01000000 00010000 01000001 01010010
 01010011 01010000 01010110 01010111 01000000 00010000 01000001 01010010
   2
 01000010 01000011 01000110 01000111 01000000 00010000 01000001 01010010
 01010011 01010000 01010110 01010111 01000000 00010000 01000001 01010010
   3
 01000010 01000011 01000110 01000111 01000000 00010000 01000001 01010010
 01010011 01010000 01010110 01010111 01000000 00010000 01000001 01010010
   4
 01000010 01000011 01000110 01000111 01000000 00010000 01000001 01010010
 01010011 01010000 01010110 01010111 01000000 00010000 01000001 01010010
   5
 01000010 01000011 01000110 01000111 01000000 00010000 01000001 01010010
 01010011 01010000 01010110 01010111 01000000 00010000 01000001 01010010
   6
 01000010 01000011 01000110 01000111 01000000 00010000 01000001 01010010
 01010011 01010000 01010110 01010111 01000000 00010000 01000001 01010010
   7
 01000010 01000011 01000110 01000111 01000000 00010000 01000001 01010010
 01010011 01010000 01010110 01010111 01000000 00010000 01000001 01010010
   8
 01000010 01000011 01000110 01000111 01000000 00010000 01000001 01010010
 01010011 01010000 01010110 01010111 01000000 00010000 01000001 01010010
   9
 01000010 01000011 01000110 01000111 01000000 00010000 01000001 01010010
 01010011 01010000 01010110 01010111 01000000 00010000 01000001 01010010
  10
 01000010 01000011 01000110 01000111 01000000 00010000 01000001 01010010
 01010011 01010000 01010110 01010111 01000000 00010000 01000001 01010010
  11
 01000010 01000011 01000110 01000111 01000000 00010000 01000001 01010010
 01010011 01010000 01010110 01010111 01000000 00010000 01000001 01010010
  12
 01000010 01000011 01000110 01000111 01000000 00010000 01000001 01010010
 01010011 01010000 01010110 01010111 01000000 00010000 01000001 01010010
  13
 01000010 01000011 01000110 01000111 01000000 00010000 01000001 01010010
 01010011 01010000 01010110 01010111 01000000 00010000 01000001 01010010
  14
 01000010 01000011 01000110 01000111 01000000 00010000 01000001 01010010
 01010011 01010000 01010110 01010111 01000000 00010000 01000001 01010010
  15
 01000010 01000011 01000110 01000111 01000000 00010000 01000001 01010010
 01010011 01010000 01010110 01010111 01000000 00010000 01000001 01010010